0142800101 1 201428001010001
0201270101 28 202012701010038
0674050101 34 204045402010025
0743830601 10 201504706010019

0305540701 14 201111202010026
0403200101 85 201125903010151
0501790101 2 200669401010002
0501790101 15 200669401010075
0550950101 13 205509501010012
0554680101 28 205546801010020
0555780601 5 201080604010030
0600690101 2 206006901010002
0604860201 5 206048602010005
0604860301 28 206048602010092
0604960801 3 201080604010030
0604961201 5 201080604010030
0652250101 70 200795702010086
0655050101 11 200287402010079
0692050101 10 206920501010010
0721620101 18 207216201010018
0722360301 22 207223603010022
0723540301 20 205524104010020
0744400501 44 207444005010047
0760900101 23 207206901010055
0763120301 6 201092703010096
0770990101 8 207709901010008
0781040101 7 207810401010007
0800030801 23 201111202010026
0800031001 3 201111202010048
0801610101 4 200560203010005
0801930801 17 208019308010017
0803990301 4 201068601010017
0821240301 3 202010902010004
0822200101 19 208222001010019
0823580301 11 208235803010011
0841481701 23 208414817010023
0842811001 31 208428110010031
0862730501 6 208627305010006

